65 1 4 115 0 0 0 93 1 0 2 -9 7 1
32 1 1 95 0 -9 0 127 0 7 1 -9 -9 1
61 1 4 105 0 -9 0 110 1 15 1 -9 -9 1
50 1 4 145 0 -9 0 139 1 7 2 -9 -9 1
57 1 4 110 0 -9 1 131 1 14 1 1 -9 1
51 1 4 110 0 -9 0 92 0 0 2 -9 -9 1
47 1 4 110 0 -9 1 149 0 21 1 -9 -9 1
60 1 4 160 0 -9 0 149 0 4 2 -9 -9 1
55 1 2 140 0 -9 1 150 0 2 1 -9 -9 0
53 1 4 125 0 -9 0 120 0 15 1 -9 -9 1
62 0 4 120 0 -9 1 123 1 17 3 -9 -9 1
51 1 4 95 0 -9 0 126 0 22 2 -9 -9 1
51 0 4 120 0 -9 0 127 1 15 1 -9 -9 1
55 1 4 115 0 -9 0 155 0 1 2 -9 -9 1
53 1 2 130 0 -9 1 120 0 7 3 -9 -9 0
58 1 4 115 0 -9 0 138 0 5 1 -9 -9 1
57 1 4 95 0 -9 0 182 0 7 3 -9 -9 1
65 1 4 155 0 -9 0 154 0 10 1 -9 -9 0
60 1 4 125 0 -9 0 110 0 1 1 2 -9 1
41 1 4 125 0 -9 0 176 0 16 1 -9 -9 1
34 1 4 115 0 -9 -9 154 0 2 1 -9 -9 1
53 1 4 80 0 -9 0 141 1 20 3 -9 -9 0
74 1 2 145 0 -9 1 123 0 13 1 -9 -9 1
57 1 3 105 0 -9 0 148 0 3 2 -9 -9 1
56 1 4 140 0 -9 0 121 1 18 1 -9 -9 1
61 1 4 130 0 -9 0 77 0 25 2 -9 -9 1
68 1 4 145 0 -9 0 136 0 18 1 -9 -9 1
59 1 3 125 0 -9 0 175 0 26 2 -9 -9 1
63 1 4 100 0 -9 0 109 0 -9 2 -9 -9 1
38 0 4 105 0 -9 0 166 0 28 1 -9 -9 1
62 1 4 115 0 -9 0 128 1 25 3 -9 -9 1
46 1 4 100 0 -9 1 133 0 -26 2 -9 -9 1
42 1 4 105 0 -9 0 128 1 -15 3 -9 -9 1
45 1 3 110 0 -9 0 138 0 -1 1 -9 -9 0
59 1 4 125 0 -9 0 119 1 9 1 -9 -9 1
52 1 4 95 0 -9 0 82 1 -90 -9 -9 -9 1
60 1 4 130 0 -9 1 130 1 11 3 1 -9 1
60 1 3 115 0 -9 0 143 0 24 1 -9 -9 1
56 1 4 115 0 -9 1 82 0 -10 1 -9 -9 1
38 1 3 100 0 -9 0 179 0 -11 1 -9 -9 0
40 1 4 95 0 -9 1 144 0 0 1 -9 -9 1
51 1 4 130 0 -9 0 170 0 -7 1 -9 -9 1
62 1 1 120 0 -9 2 134 0 -8 2 2 -9 1
72 1 3 160 0 -9 2 114 0 16 2 2 -9 0
63 1 4 150 0 -9 1 154 0 37 1 -9 -9 1
63 1 4 140 0 -9 2 149 0 20 1 -9 -9 1
64 0 4 95 0 -9 0 145 0 11 3 -9 -9 1
43 1 4 100 0 -9 0 122 0 15 3 -9 -9 1
64 1 4 110 0 -9 0 114 1 13 3 -9 -9 1
61 1 4 110 0 -9 0 113 0 14 2 -9 -9 1
52 1 4 130 0 -9 0 120 0 0 2 -9 7 1
51 1 4 120 0 1 0 104 0 0 2 -9 3 1
69 1 4 135 0 0 0 130 0 0 2 -9 6 1
59 1 4 120 0 0 0 115 0 0 2 -9 3 1
48 1 4 115 0 -9 0 128 0 0 2 -9 6 1
69 1 4 -9 0 0 1 -9 -9 -90 -9 -9 7 1
36 1 4 110 0 -9 0 125 1 10 2 -9 6 1
53 1 4 120 0 -9 0 120 0 0 2 -9 7 1
43 1 4 140 0 0 1 140 1 5 1 -9 7 1
56 1 4 120 0 0 1 100 1 -10 3 -9 7 1
58 1 4 130 0 0 1 100 1 10 2 -9 6 1
55 1 4 120 0 0 1 92 0 3 1 -9 7 1
67 1 1 145 0 0 2 125 0 0 2 -9 3 1
46 1 4 115 0 0 0 113 1 15 2 -9 7 1
53 1 2 120 0 0 0 95 0 0 2 -9 3 1
38 1 3 115 0 0 0 128 1 0 2 -9 7 1
53 1 3 105 0 0 0 115 0 0 2 -9 7 1
62 1 3 160 0 0 0 72 1 0 2 -9 3 1
47 1 4 160 0 0 0 124 1 0 2 -9 7 1
56 1 3 155 0 0 1 99 0 0 2 -9 3 1
56 1 4 120 0 0 1 148 0 0 2 -9 1 1
56 1 3 120 0 0 0 97 0 0 2 -9 7 0
64 0 4 200 0 0 0 140 1 10 2 -9 3 1
61 1 4 150 0 0 0 117 1 20 2 -9 7 1
68 1 4 135 0 0 1 120 1 0 1 -9 7 1
57 1 4 140 0 0 0 120 1 20 2 -9 6 1
63 1 4 150 0 0 0 86 1 20 2 -9 4 1
60 1 4 135 0 0 0 63 1 5 1 -9 7 1
66 1 4 150 0 0 0 108 1 20 2 -9 7 1
63 1 4 185 0 0 0 98 1 0 1 -9 7 1
59 1 4 135 0 0 0 115 1 10 2 -9 7 1
61 1 4 125 0 0 0 105 1 0 3 -9 7 1
73 0 3 160 0 0 1 121 0 0 1 -9 3 1
47 1 3 155 0 0 0 118 1 10 2 -9 3 1
65 1 4 160 0 1 1 122 0 -90 -9 -9 7 1
70 1 4 140 0 1 0 157 1 20 2 -9 7 1
50 1 4 120 0 0 1 156 1 0 1 -9 6 1
60 1 4 160 0 0 1 99 1 5 2 -9 7 1
50 1 4 115 0 0 0 120 1 5 2 -9 6 1
43 1 4 115 0 0 0 145 1 20 2 -9 7 1
38 0 4 110 0 0 0 156 0 0 2 -9 3 1
54 1 4 120 0 0 0 155 0 0 2 -9 7 1
61 1 4 150 0 0 0 105 1 0 2 -9 7 1
42 1 4 145 0 0 0 99 1 0 2 -9 -9 1
53 1 4 130 0 0 2 135 1 10 2 -9 7 1
55 1 4 140 0 0 0 83 0 0 2 -9 7 1
61 1 4 160 0 1 1 145 0 10 2 -9 7 1
51 1 4 140 0 0 0 60 0 0 2 -9 3 1
70 1 4 115 0 0 1 92 1 0 2 -9 7 1
61 1 4 130 0 0 2 115 0 0 2 -9 7 1
38 1 4 150 0 -9 0 120 1 -90 -9 -9 3 1
57 1 4 160 0 -9 0 98 1 20 2 -9 7 1
38 1 4 135 0 -9 0 150 0 0 -9 -9 3 1
62 0 1 140 0 -9 0 143 0 0 -9 -9 3 1
58 1 4 170 0 -9 1 105 1 0 -9 -9 3 1
52 1 4 165 0 -9 0 122 1 10 1 -9 7 1
61 1 3 200 0 -9 1 70 0 0 -9 -9 3 1
50 0 4 160 0 -9 0 110 0 0 -9 -9 3 1
51 1 4 130 0 -9 1 163 0 0 -9 -9 7 1
65 1 4 145 0 -9 1 67 0 -90 -9 -9 6 1
52 1 4 135 0 -9 0 128 1 20 2 -9 7 1
47 1 3 110 0 -9 0 120 1 0 -9 -9 3 1
35 1 4 -9 0 -9 0 130 1 -90 -9 -9 7 1
57 1 4 140 0 -9 0 100 1 0 -9 -9 6 1
62 1 4 115 0 -9 0 72 1 -5 2 -9 3 1
59 1 4 110 0 -9 0 94 0 0 -9 -9 6 1
53 1 3 160 0 -9 2 122 1 0 -9 -9 7 1
62 1 4 150 0 -9 1 78 0 20 2 -9 7 1
54 1 4 180 0 -9 0 150 0 15 2 -9 7 1
56 1 4 125 0 1 0 103 1 10 2 -9 7 1
56 1 3 125 0 -9 0 98 0 -20 2 -9 7 1
54 1 4 130 0 -9 0 110 1 30 2 -9 7 1
66 0 4 155 0 -9 0 90 0 0 -9 -9 7 1
123